# memory log of systemd
# TIME_(ms) size_(KiB) Rss_(KiB) share_(KiB)
0 116472 5184 3756
500 116472 5184 3756
1000 116472 5184 3756
1500 116472 5184 3756
2000 116472 5184 3756
2500 116472 5184 3756
3000 116472 5184 3756
3500 116472 5184 3756
4000 116472 5184 3756
4500 116472 5184 3756
5000 116472 5184 3756
5500 116472 5184 3756
6000 116472 5184 3756
6500 116472 5184 3756
7000 116472 5184 3756
7500 116472 5184 3756
8000 116472 5184 3756
8500 116472 5184 3756
9000 116472 5184 3756
9500 116472 5184 3756
10000 116472 5184 3756
10500 116472 5184 3756
11000 116472 5184 3756
11500 116472 5184 3756
12000 116472 5184 3756
12500 116472 5184 3756
13000 116472 5184 3756
13500 116472 5184 3756
14000 116472 5184 3756
14500 116472 5184 3756
15000 116472 5184 3756
15500 116472 5184 3756
16000 116472 5184 3756
16500 116472 5184 3756
17000 116472 5184 3756
17500 116472 5184 3756
18000 116472 5184 3756
18500 116472 5184 3756
19000 116472 5184 3756
19500 116472 5184 3756
20000 116472 5184 3756
20500 116472 5184 3756
21000 116472 5184 3756
21500 116472 5184 3756
22000 116472 5184 3756
22500 116472 5184 3756
23000 116472 5184 3756
23500 116472 5184 3756
24000 116472 5184 3756
24500 116472 5184 3756
25000 116472 5184 3756
25500 116472 5184 3756
26000 116472 5184 3756
26500 116472 5184 3756
27000 116472 5184 3756
27500 116472 5184 3756
28000 116472 5184 3756
28500 116472 5184 3756
29000 116472 5184 3756
29500 116472 5184 3756
30000 116472 5184 3756
30500 116472 5184 3756
31000 116472 5184 3756
31500 116472 5184 3756
32000 116472 5184 3756
32500 116472 5184 3756
33000 116472 5184 3756
33500 116472 5184 3756
34000 116472 5184 3756
34500 116472 5184 3756
35000 116472 5184 3756
35500 116472 5184 3756
36000 116472 5184 3756
36500 116472 5184 3756
37000 116472 5184 3756
37500 116472 5184 3756
38000 116472 5184 3756
38500 116472 5184 3756
39000 116472 5184 3756
39500 116472 5184 3756
40000 116472 5184 3756
40500 116472 5184 3756
41000 116472 5184 3756
41500 116472 5184 3756
42000 116472 5184 3756
42500 116472 5184 3756
43000 116472 5184 3756
43500 116472 5184 3756
44000 116472 5184 3756
44500 116472 5184 3756
45000 116472 5184 3756
45500 116472 5184 3756
46000 116472 5184 3756
46500 116472 5184 3756
47000 116472 5184 3756
47500 116472 5184 3756
48000 116472 5184 3756
48500 116472 5184 3756
49000 116472 5184 3756
49500 116472 5184 3756
50000 116472 5184 3756
50500 116472 5184 3756
51000 116472 5184 3756
51500 116472 5184 3756
52000 116472 5184 3756
52500 116472 5184 3756
53000 116472 5184 3756
53500 116472 5184 3756
54000 116472 5184 3756
54500 116472 5184 3756
55000 116472 5184 3756
55500 116472 5184 3756
56000 116472 5184 3756
56500 116472 5184 3756
57000 116472 5184 3756
57500 116472 5184 3756
58000 116472 5184 3756
58500 116472 5184 3756
59000 116472 5184 3756
59500 116472 5184 3756
60000 116472 5184 3756
60500 116472 5184 3756
61000 116472 5184 3756
61500 116472 5184 3756
62000 116472 5184 3756
62500 116472 5184 3756
63000 116472 5184 3756
63500 116472 5184 3756
64000 116472 5184 3756
64500 116472 5184 3756
65000 116472 5184 3756
65500 116472 5184 3756
66000 116472 5184 3756
66500 116472 5184 3756
67000 116472 5184 3756
67500 116472 5184 3756
68000 116472 5184 3756
68500 116472 5184 3756
69000 116472 5184 3756
69500 116472 5184 3756
70000 116472 5184 3756
70500 116472 5184 3756
71000 116472 5184 3756
71500 116472 5184 3756
72000 116472 5184 3756
72500 116472 5184 3756
73000 116472 5184 3756
73500 116472 5184 3756
74000 116472 5184 3756
74500 116472 5184 3756
75000 116472 5184 3756
75500 116472 5184 3756
76000 116472 5184 3756
76500 116472 5184 3756
77000 116472 5184 3756
77500 116472 5184 3756
78000 116472 5184 3756
78500 116472 5184 3756
79000 116472 5184 3756
79500 116472 5184 3756
80000 116472 5184 3756
80500 116472 5184 3756
81000 116472 5184 3756
81500 116472 5184 3756
82000 116472 5184 3756
82500 116472 5184 3756
83000 116472 5184 3756
83500 116472 5184 3756
84000 116472 5184 3756
84500 116472 5184 3756
85000 116472 5184 3756
85500 116472 5184 3756
86000 116472 5184 3756
86500 116472 5184 3756
87000 116472 5184 3756
87500 116472 5184 3756
88000 116472 5184 3756
88500 116472 5184 3756
89000 116472 5184 3756
89500 116472 5184 3756
90000 116472 5184 3756
90500 116472 5184 3756
91000 116472 5184 3756
91500 116472 5184 3756
92000 116472 5184 3756
92500 116472 5184 3756
93000 116472 5184 3756
93500 116472 5184 3756
94000 116472 5184 3756
94500 116472 5184 3756
95000 116472 5184 3756
95500 116472 5184 3756
96000 116472 5184 3756
96500 116472 5184 3756
97000 116472 5184 3756
97500 116472 5184 3756
98000 116472 5184 3756
98500 116472 5184 3756
99000 116472 5184 3756
99500 116472 5184 3756
100000 116472 5184 3756
100500 116472 5184 3756
101000 116472 5184 3756
101500 116472 5184 3756
102000 116472 5184 3756
102500 116472 5184 3756
103000 116472 5184 3756
103500 116472 5184 3756
104000 116472 5184 3756
104500 116472 5184 3756
105000 116472 5184 3756
105500 116472 5184 3756
106000 116472 5184 3756
106500 116472 5184 3756
107000 116472 5184 3756
107500 116472 5184 3756
108000 116472 5184 3756
108500 116472 5184 3756
109000 116472 5184 3756
109500 116472 5184 3756
110000 116472 5184 3756
110500 116472 5184 3756
111000 116472 5184 3756
111500 116472 5184 3756
112000 116472 5184 3756
112500 116472 5184 3756
113000 116472 5184 3756
113500 116472 5184 3756
114000 116472 5184 3756
114500 116472 5184 3756
115000 116472 5184 3756
115500 116472 5184 3756
116000 116472 5184 3756
116500 116472 5184 3756
117000 116472 5184 3756
117500 116472 5184 3756
118000 116472 5184 3756
118500 116472 5184 3756
119000 116472 5184 3756
119500 116472 5184 3756
120000 116472 5184 3756
120500 116472 5184 3756
121000 116472 5184 3756
121500 116472 5184 3756
122000 116472 5184 3756
122500 116472 5184 3756
123000 116472 5184 3756
123500 116472 5184 3756
124000 116472 5184 3756
124500 116472 5184 3756
125000 116472 5184 3756
125500 116472 5184 3756
126000 116472 5184 3756
126500 116472 5184 3756
127000 116472 5184 3756
127500 116472 5184 3756
128000 116472 5184 3756
128500 116472 5184 3756
129000 116472 5184 3756
129500 116472 5184 3756
130000 116472 5184 3756
130500 116472 5184 3756
131000 116472 5184 3756
131500 116472 5184 3756
132000 116472 5184 3756
132500 116472 5184 3756
133000 116472 5184 3756
133500 116472 5184 3756
134000 116472 5184 3756
134500 116472 5184 3756
135000 116472 5184 3756
135500 116472 5184 3756
136000 116472 5184 3756
136500 116472 5184 3756
137000 116472 5184 3756
137500 116472 5184 3756
138000 116472 5184 3756
138500 116472 5184 3756
139000 116472 5184 3756
139500 116472 5184 3756
140000 116472 5184 3756
140500 116472 5184 3756
141000 116472 5184 3756
141500 116472 5184 3756
142000 116472 5184 3756
142500 116472 5184 3756
143000 116472 5184 3756
143500 116472 5184 3756
144000 116472 5184 3756
144500 116472 5184 3756
145000 116472 5184 3756
145500 116472 5184 3756
146000 116472 5184 3756
146500 116472 5184 3756
147000 116472 5184 3756
147500 116472 5184 3756
148000 116472 5184 3756
148500 116472 5184 3756
149000 116472 5184 3756
149500 116472 5184 3756
150000 116472 5184 3756
150500 116472 5184 3756
151000 116472 5184 3756
151500 116472 5184 3756
152000 116472 5184 3756
152500 116472 5184 3756
153000 116472 5184 3756
153500 116472 5184 3756
154000 116472 5184 3756
154500 116472 5184 3756
155000 116472 5184 3756
155500 116472 5184 3756
156000 116472 5184 3756
156500 116472 5184 3756
157000 116472 5184 3756
157500 116472 5184 3756
158000 116472 5184 3756
158500 116472 5184 3756
159000 116472 5184 3756
159500 116472 5184 3756
160000 116472 5184 3756
160500 116472 5184 3756
161000 116472 5184 3756
161500 116472 5184 3756
162000 116472 5184 3756
162500 116472 5184 3756
163000 116472 5184 3756
163500 116472 5184 3756
164000 116472 5184 3756
164500 116472 5184 3756
165000 116472 5184 3756
165500 116472 5184 3756
166000 116472 5184 3756
166500 116472 5184 3756
167000 116472 5184 3756
167500 116472 5184 3756
168000 116472 5184 3756
168500 116472 5184 3756
169000 116472 5184 3756
169500 116472 5184 3756
170000 116472 5184 3756
170500 116472 5184 3756
171000 116472 5184 3756
171500 116472 5184 3756
172000 116472 5184 3756
172500 116472 5184 3756
173000 116472 5184 3756
173500 116472 5184 3756
174000 116472 5184 3756
174500 116472 5184 3756
175000 116472 5184 3756
175500 116472 5184 3756
176000 116472 5184 3756
176500 116472 5184 3756
177000 116472 5184 3756
177500 116472 5184 3756
178000 116472 5184 3756
178500 116472 5184 3756
179000 116472 5184 3756
179500 116472 5184 3756
